1.39 0.000
1.40 0.005
1.41 0.01
1.42 0.025
1.43 0.06
1.44 0.11
1.45 0.21
1.46 0.36
1.47 0.55
1.48 0.70
1.49 0.77
1.50 0.815
1.51 0.855
1.52 0.865
1.53 0.82
1.54 0.785
1.55 0.78
1.56 0.815
1.57 0.86
1.58 0.88
1.59 0.87
1.60 0.84
1.61 0.81
1.62 0.80
1.63 0.805
1.64 0.83
1.65 0.86
1.66 0.86
1.67 0.845
1.68 0.835
1.69 0.82
1.70 0.82
1.71 0.835
1.72 0.845
1.73 0.845
1.74 0.83
1.75 0.82
1.76 0.835
1.77 0.76
1.78 0.43
1.79 0.145
1.80 0.05
1.81 0.03
1.82 0.015
1.83 0.01
1.84 0.02
1.85 0.00
1.86 0.015
1.87 0.005
1.88 0.005
1.89 0.015
1.90 0.005
1.91 0.015
1.92 0.03
1.93 0.045
1.94 0.11
1.95 0.285
1.96 0.63
1.97 0.83
1.98 0.825
1.99 0.82
2.00 0.845
2.01 0.87
2.02 0.885
2.03 0.885
2.04 0.88
2.05 0.875
2.06 0.85
2.07 0.83
2.08 0.815
2.09 0.81
2.10 0.82
2.11 0.825
2.12 0.83
2.13 0.81
2.14 0.815
2.15 0.815
2.16 0.795
2.17 0.825
2.18 0.83
2.19 0.82
2.20 0.81
2.21 0.795
2.22 0.79
2.23 0.785
2.24 0.785
2.25 0.775
2.26 0.75
2.27 0.71
2.28 0.66
2.29 0.56
2.30 0.44
2.31 0.32
2.32 0.22
2.33 0.15
2.34 0.095
2.35 0.065
2.36 0.045
2.37 0.03
2.38 0.023
2.39 0.018
2.40 0.012
2.41 0.010
2.42 0.008
2.43 0.006
2.44 0.004
2.45 0.002
2.46 0.000
